# s h R_nr200 R_nr400 R_nr800 R_extrap p_obs   (r=1, sigma=1; R = full period = 2*R_half)
5.000000000000000278e-02 9.987492177719089481e-01 1.081148125517622738e+01 1.063661241783656308e+01 1.055185524817823683e+01 1.046709807851991236e+01 1.044865898444933050e+00
1.000000000000000056e-01 9.949874371066199652e-01 5.429686913778848378e+00 5.389902671282277957e+00 5.370638314070322217e+00 5.351373956858367364e+00 1.046263081100794023e+00
1.499999999999999944e-01 9.886859966642594921e-01 3.644431008737850419e+00 3.628359830234535899e+00 3.620650244024613329e+00 3.612940657814691203e+00 1.059750391275764869e+00
2.000000000000000111e-01 9.797958971132711969e-01 2.741796714138832414e+00 2.733632098087031892e+00 2.729755764860250178e+00 2.725879431633468908e+00 1.074692446845188387e+00
2.500000000000000000e-01 9.682458365518542553e-01 2.190902471660767237e+00 2.186232598851499009e+00 2.184043780377137089e+00 2.181854961902775170e+00 1.093230944368798863e+00
2.999999999999999889e-01 9.539392014169456591e-01 1.815924470696962612e+00 1.813051465034728027e+00 1.811722541727796010e+00 1.810393618420863771e+00 1.112302988090064115e+00
3.499999999999999778e-01 9.367496997597597463e-01 1.541537348182108857e+00 1.539691777197401468e+00 1.538847354800080280e+00 1.538002932402759093e+00 1.128030477753888983e+00
4.000000000000000222e-01 9.165151389911679880e-01 1.330017269984376638e+00 1.328793771805957702e+00 1.328242747919738509e+00 1.327691724033519538e+00 1.150825189140740612e+00
4.500000000000000111e-01 8.930285549745875517e-01 1.160297166458163165e+00 1.159470095487658003e+00 1.159103253699911296e+00 1.158736411912164588e+00 1.172853142749497923e+00
5.000000000000000000e-01 8.660254037844385966e-01 1.019633340454375814e+00 1.019065983400674336e+00 1.018820434893151772e+00 1.018574886385629208e+00 1.208248895757462416e+00
5.999999999999999778e-01 8.000000000000000444e-01 7.951804742942196746e-01 7.949165407810744322e-01 7.948064036193859261e-01 7.946962664576975310e-01 1.260873214699771205e+00
6.999999999999999556e-01 7.141428428542849760e-01 6.163404269202024111e-01 6.162235666889658292e-01 6.161771382467948754e-01 6.161307098046238107e-01 1.331703269523660138e+00
