CELL_PARAMETERS (angstrom)
10.055096 0.000000 0.000000
0.000000 10.055096 0.000000
0.000000 0.589783 9.879923
ATOMIC_POSITIONS (angstrom)
P 5.063596 5.322447 4.939962
P 0.036047 10.349985 4.939957
P 0.036047 5.617326 9.879919
P 5.063596 0.589789 9.879923
S 6.085081 6.593385 6.164926
S 1.057507 1.565811 6.164962
S 1.057510 6.298465 1.224998
S 6.085090 1.270940 1.224960
S 3.829023 4.147864 6.164415
S 8.856574 9.175364 6.164378
S 8.856570 3.852927 1.224415
S 3.829022 8.880520 1.224452
S 3.829015 6.497042 3.715527
S 8.856558 1.469484 3.715527
S 8.856561 6.791924 8.655488
S 3.829016 1.764385 8.655487
S 6.085063 4.051506 3.714985
S 1.057542 9.079088 3.714960
S 1.057539 4.346429 8.654919
S 6.085055 9.373940 8.654942
Li 2.854415 4.887626 2.151027
Li 7.881959 9.915161 2.151015
Li 7.881933 5.182513 7.090998
Li 2.854410 10.210069 7.090995
Li 7.854051 7.885692 0.232844
Li 2.826488 2.858147 0.232854
Li 2.826506 8.180599 5.172818
Li 7.854081 3.153061 5.172812
Li 7.854130 2.759120 9.647040
Li 2.826476 7.786771 9.647095
Li 2.826457 2.464345 4.707136
Li 7.854099 7.491801 4.707086
Li 2.854480 5.757289 7.728947
Li 7.881914 0.729682 7.728841
Li 7.881940 5.462347 2.788901
Li 2.854485 0.434854 2.788992
Li 0.235880 3.635964 3.364201
Li 5.263458 8.663470 3.364283
Li 5.263458 3.930776 8.304286
Li 0.235881 8.958390 8.304180
Li 0.235917 7.008877 6.515709
Li 5.263429 1.981448 6.515623
Li 5.263430 6.714067 1.575702
Li 0.235917 1.686425 1.575765
Cl 9.354566 10.644870 9.879921
Cl 4.327022 5.027553 0.000006
Cl 4.327022 0.294902 4.939957
Cl 9.354566 5.322429 4.939951
S 2.204569 2.661229 2.469990
S 7.232117 7.688758 2.469970
S 7.232117 2.956102 7.409932
S 2.204571 7.983668 7.409952
