ATOMIC_POSITIONS (angstrom)
P 4.934241 2.062967 9.025996
P -0.093331 7.090498 9.025964
P -0.058617 2.338431 14.179822
P 4.968897 7.365988 14.179816
S 6.381737 3.195427 10.070952
S 1.354120 8.223006 10.070921
S 3.830391 1.045143 10.523035
S 8.857934 6.072657 10.523006
S 3.844866 3.459483 8.036278
S 8.872368 8.486978 8.036224
S 8.628613 3.385236 13.001642
S 3.601063 8.412788 13.001600
S 5.604088 0.605528 7.785265
S 0.576563 5.633072 7.785254
S 1.035702 1.058189 13.014988
S 6.063214 6.085671 13.015045
Li 8.234940 1.961798 11.076186
Li 3.207304 6.989392 11.076178
Li 1.838373 4.039907 9.188997
Li 6.865866 -0.987722 9.188960
Li 7.754575 9.725590 13.844325
Li 2.726893 4.698178 13.844374
Li 3.657708 9.315659 8.757606
Li 8.685301 4.288041 8.757585
Li 2.721100 2.539705 12.050467
Li 7.748548 7.567172 12.050389
Li -0.436168 -0.159055 9.953727
Li 4.591468 4.868515 9.953783
Li 5.741711 1.763880 12.031184
Li 0.714105 6.791423 12.031149
Li 0.132047 4.113726 11.332329
Li 5.159551 9.141322 11.332310
Cl 9.401846 7.511991 14.023059
Cl 4.959057 7.428758 9.571728
Cl 9.986614 2.401193 9.571743
S 7.405172 9.862011 11.485996
S 2.377615 4.834509 11.486027
P 4.968897 2.689069 19.076860
P -0.058617 7.716606 19.076844
P -0.093331 2.964538 24.230703
P 4.934241 7.992090 24.230680
S 6.063241 3.969381 20.241613
S 1.035670 8.996873 20.241684
S 0.991854 3.694626 15.282825
S 6.019391 8.722214 15.282758
S 3.601070 1.642281 20.255093
S 8.628625 6.669780 20.255014
S 8.850326 1.162981 15.469296
S 3.822734 6.190596 15.469317
S 3.822727 3.864473 17.787376
S 8.850313 8.892035 17.787360
S 8.857922 3.982359 22.733650
S 3.830384 9.009926 22.733658
S 6.019365 1.332837 17.973901
S 0.991886 6.360435 17.973847
S 1.354152 1.832057 23.185751
S 6.381710 6.859625 23.185705
Li 2.717117 2.289224 16.315312
Li 7.744494 7.316788 16.315407
Li 7.748566 2.487848 21.206240
Li 2.721029 7.515375 21.206266
Li 8.128159 5.296860 14.419872
Li 3.100496 0.269265 14.419842
Li 2.726923 5.356916 19.412330
Li 7.754528 0.329414 19.412318
Li 6.865913 11.042726 24.067683
Li 1.838342 6.015187 24.067708
Li 3.100466 9.785829 18.836862
Li 8.128208 4.758144 18.836770
Li 3.207374 3.065689 22.180555
Li 8.234922 8.093222 22.180443
Li 7.744474 2.738231 16.941220
Li 2.717186 7.765856 16.941422
Li 0.314661 0.801396 17.736705
Li 5.342345 5.828699 17.737040
Li 5.159579 0.913721 21.924390
Li 0.132011 5.941266 21.924351
Li 0.714141 3.263569 21.225531
Li 5.741684 8.291162 21.225516
Li 5.342316 4.226345 15.519660
Li 0.314697 9.253597 15.519974
Cl 9.986614 7.653833 23.684918
Cl 4.374300 2.484465 14.023090
Cl 4.374299 7.570594 19.233587
Cl 9.401846 2.543034 19.233603
S 2.274313 10.055078 16.628348
S 7.301882 5.027513 16.628327
S 7.405172 10.248111 21.770659
S 2.377615 5.220553 21.770668
S 0.576531 4.421990 25.471418
S 5.604115 9.449523 25.471394
S 8.872381 1.568038 25.220431
S 3.844873 6.595586 25.220415
Li 8.685251 5.766962 24.499057
Li 3.657738 0.739434 24.499098
Li 4.591439 5.186529 23.302917
Li -0.436131 10.214048 23.302952
Cl 4.959057 2.626301 23.684950
