ATOMIC_POSITIONS (angstrom)
P 4.661493 2.336008 10.412345
P -0.366112 7.363580 10.412237
P -0.153812 2.344837 15.398899
P 4.873562 7.372462 15.399013
S 5.880417 3.487695 11.589420
S 0.852934 8.515320 11.589171
S 3.357669 1.174966 11.508198
S 8.385181 6.202509 11.508095
S 3.647051 3.565754 9.106721
S 8.674553 8.593229 9.106491
S 8.668143 3.522755 14.214858
S 3.640719 8.550190 14.214411
S 5.719892 0.978945 9.207110
S 0.692203 6.006455 9.207075
S 0.900327 1.037665 14.196507
S 5.927787 6.064952 14.197059
Li 3.549184 1.502675 7.807424
Li 8.576700 6.530133 7.807309
Li 7.814848 2.096624 12.472050
Li 2.787076 7.124203 12.472042
Li 2.598449 5.168664 10.602964
Li 7.626045 0.141069 10.602911
Li 6.813831 10.452384 15.237213
Li 1.785485 5.425558 15.237471
Li 3.735425 9.357155 9.725270
Li 8.762995 4.329601 9.725241
Li 4.345242 4.099712 13.518608
Li 9.373167 9.127205 13.518434
Li 6.981795 2.572011 7.985071
Li 1.954256 7.599759 7.985081
Li 0.683764 0.146485 9.531601
Li 5.711355 5.174057 9.531743
Li 4.907210 0.379083 13.169466
Li -0.120530 5.407057 13.169767
Li 1.447047 2.615479 12.362605
Li 6.474504 7.642879 12.362830
Cl 9.661531 7.215275 15.308963
Cl 4.391402 7.111145 10.574368
Cl 9.418968 2.083646 10.574328
S 2.292175 9.745478 7.924514
S 7.319696 4.718031 7.924528
S 7.174022 9.895710 12.912420
S 2.146289 4.868272 12.912453
P 4.873562 2.682595 20.303809
P -0.153812 7.710200 20.303914
P -0.366112 2.691457 25.290576
P 4.661493 7.719050 25.290477
S 5.927813 3.990099 21.505745
S 0.900295 9.017397 21.506310
S 0.960322 3.551683 16.600031
S 5.987704 8.579604 16.599925
S 3.640726 1.504879 21.488428
S 8.668155 6.532261 21.487944
S 8.708600 1.146544 16.630587
S 3.680664 6.174641 16.630827
S 3.680657 3.880428 19.072012
S 8.708588 8.908472 19.072215
S 8.385168 3.852507 24.194708
S 3.357662 8.880103 24.194641
S 5.987678 1.475447 19.102880
S 0.960354 6.503379 19.102787
S 0.852966 1.539742 24.113647
S 5.880391 6.567357 24.113384
Li 2.752211 2.219743 17.587397
Li 7.777223 7.247801 17.589972
Li 9.373184 0.927815 22.184342
Li 4.345172 5.955368 22.184271
Li 7.892755 5.346252 15.620261
Li 2.864356 0.317725 15.619905
Li 1.785515 4.629536 20.465380
Li 6.813784 -0.397379 20.465576
Li 7.626092 9.913935 25.099879
Li 2.598419 4.886430 25.099886
Li 2.864326 9.737369 20.082945
Li 7.892804 4.708752 20.082527
Li 2.787147 2.930878 23.230838
Li 7.814830 7.958396 23.230726
Li 7.777203 2.807218 18.112801
Li 2.752279 7.835337 18.115482
Li 0.139584 0.966986 18.826706
Li 5.166585 5.992593 18.828273
Li 6.474532 2.412164 23.340016
Li 1.447011 7.439513 23.340222
Li -0.120494 4.647935 22.533059
Li 4.907182 9.675960 22.533380
Li 5.166556 4.062451 16.874573
Li 0.139620 9.088007 16.876120
Cl 9.418968 7.971380 25.128480
Cl 4.632787 2.188436 15.310173
Cl 4.632787 7.866623 20.392651
Cl 9.661531 2.839750 20.393844
S 2.107699 10.055078 17.851421
S 7.134842 5.027513 17.851400
S 7.174022 10.214412 22.790381
S 2.146289 5.186789 22.790388
S 0.692172 4.048606 26.495743
S 5.719918 9.076106 26.495695
S 8.674565 1.461787 26.596311
S 3.647057 6.489315 26.596118
Li 1.954188 2.455321 27.717798
Li 6.981815 7.483008 27.717703
Li 8.762946 5.725403 25.977547
Li 3.735455 0.697939 25.977580
Li 8.576680 3.524886 27.895465
Li 3.549252 8.552405 27.895456
Li 5.711326 4.880987 26.171103
Li 0.683800 9.908508 26.171225
Cl 4.391402 2.943914 25.128456
S 2.292175 10.364678 27.778327
S 7.319696 5.336995 27.778273
